60 3
6235 4729 5475 1
902 6411 3832 1
-688 9254 6364 1
6558 2890 9301 1
-8868 5737 -2045 1
2030 7984 2279 1
-7166 4384 6661 1
-6463 -4635 7071 1
2887 2142 6047 1
-9030 5379 -8575 1
110 9438 8946 1
-3462 7683 7968 1
-2392 3254 6836 1
1267 8934 1577 1
5045 -1176 7957 1
-8160 5765 1952 1
6539 3547 5891 1
1692 3580 1341 1
-9948 7645 7699 1
851 5013 9657 1
-9083 -2476 -4193 1
-6998 8057 -1634 1
-6412 -3950 1287 1
-4769 -1637 7282 1
-4490 -1057 -350 1
4900 552 6270 1
224 2667 1251 1
-6436 -1694 6716 1
-3148 9846 4145 1
-4749 4604 6591 1
-7932 -1641 -6136 0
2440 -3120 -6924 0
5987 -9071 2774 0
4181 9905 -9930 0
4595 -1272 -2503 0
9371 -6650 402 0
-8997 -9268 -9166 0
7742 -9698 2492 0
-2902 3832 -9048 0
7290 -2735 4349 0
6247 8117 -2362 0
1328 -2434 -2830 0
5061 -504 -9295 0
3638 8234 -6723 0
-3908 -287 -6038 0
6637 -3779 -59 0
3248 3577 -4330 0
2898 -4417 -4475 0
6458 -2563 -9596 0
9954 -9812 2573 0
6794 -5764 6997 0
8395 -3266 3963 0
8678 8167 -3451 0
8048 9152 -4076 0
-8936 -7691 -7272 0
-9453 4844 -9522 0
-785 -1822 -1197 0
-487 -7722 -4512 0
5525 -6258 -9225 0
3793 -3838 -1532 0